1 16
1 15
1 14
1 13
1 12
1 11
1 10
1 9
1 8
1 7
1 6
1 5
1 4
1 3
1 2
1 1
16 1
1 34
1 33
1 32
1 31
1 30
1 29
1 28
1 27
1 26
1 25
2 25
3 25
26 14
27 14
27 13
27 12
27 11
26 11
25 11
24 11
24 12
23 12
22 12
21 12
20 12
20 11
20 10
20 9
21 9
22 9
23 9
24 9
23 9
22 9
21 9
20 9
20 10
20 11
19 11
19 12
18 12
17 12
13 18
14 18
14 19
14 20
14 21
14 22
14 23
13 23
12 23
12 22
12 21
11 21
10 21
10 20
10 19
10 18
9 18
8 18
8 19
8 20
8 21
8 22
8 23
8 24
7 24
6 24
6 25
6 26
6 27
6 28
29 11
29 12
30 12
31 12
32 12
32 13
31 13
30 13
29 13
28 13
27 13
26 13
25 13
24 13
23 13
22 13
22 12
22 11
22 10
21 10
20 10
20 11
19 11
18 11
17 11
16 11
16 10
15 10
14 10
13 10
10 21
10 20
10 19
11 19
11 18
11 17
11 16
11 15
10 15
9 15
9 16
9 17
